%YAML:1.0
---
K1: !!opencv-matrix
   rows: 3
   cols: 3
   dt: d
   data: [ 1.0698746469369603e+03, 0., 5.2214784584236668e+02, 0.,
       1.2071586670363365e+03, 2.3543551677245460e+02, 0., 0., 1. ]
D1: !!opencv-matrix
   rows: 1
   cols: 5
   dt: d
   data: [ -2.5282780939699974e+00, 6.9110599421254468e+00,
       -3.9772814113054826e-02, -2.4192045219577321e-01,
       -1.0523988826290672e+01 ]
K2: !!opencv-matrix
   rows: 3
   cols: 3
   dt: d
   data: [ 1.0893628605625547e+03, 0., 1.3461959987378501e+02, 0.,
       1.0713631550010134e+03, 4.2422187028751154e+02, 0., 0., 1. ]
D2: !!opencv-matrix
   rows: 1
   cols: 5
   dt: d
   data: [ -9.7831238269972332e-01, 5.4426384225409592e+00,
       3.7708278196710257e-02, -1.9564114400216930e-02,
       -1.0564345871450659e+01 ]
R: !!opencv-matrix
   rows: 3
   cols: 3
   dt: d
   data: [ 8.4816726868105963e-01, 2.9617541141359527e-01,
       4.3919518441360295e-01, -1.6970560063730275e-01,
       9.3731897866849900e-01, -3.0435693082329185e-01,
       -5.0180902089384904e-01, 1.8361170415262024e-01,
       8.4526590410812574e-01 ]
T: !!opencv-matrix
   rows: 3
   cols: 1
   dt: d
   data: [ -3.8077730725082415e-02, 8.7810711756184545e-02,
       -2.1761979677041168e-01 ]
E: !!opencv-matrix
   rows: 3
   cols: 3
   dt: d
   data: [ -8.0995505611853438e-02, 2.2010224007529616e-01,
       7.9893072315383312e-03, -2.0368573741070059e-01,
       -5.7462115811522697e-02, -6.3391759286909211e-02,
       -6.8016167387577264e-02, -6.1698353354156951e-02,
       -2.6976820487045361e-02 ]
F: !!opencv-matrix
   rows: 3
   cols: 3
   dt: d
   data: [ 6.8484878851014821e-05, -1.6494029721951100e-04,
       -4.1537229789642329e-03, 1.7511778242350657e-04,
       4.3784438200995929e-05, -4.3436820034887379e-02,
       -2.0858572787413120e-02, 5.3997154801200362e-02, 1. ]
R1: !!opencv-matrix
   rows: 3
   cols: 3
   dt: d
   data: [ 9.5609186802142443e-01, 1.0220446497007217e-01,
       2.7466814020465624e-01, 2.6081447854942102e-01,
       1.3069644931244195e-01, -9.5650104334293018e-01,
       -1.3365682804218057e-01, 9.8614029705580009e-01,
       9.8301408130308160e-02 ]
R2: !!opencv-matrix
   rows: 3
   cols: 3
   dt: d
   data: [ 9.6182920225844659e-01, -1.5005311215353895e-01,
       -2.2884197433145409e-01, -1.6016727357365590e-01,
       3.6936030652913360e-01, -9.1537937951249826e-01,
       2.2188066648282373e-01, 9.1709161346821944e-01,
       3.3122793110997756e-01 ]
P1: !!opencv-matrix
   rows: 3
   cols: 4
   dt: d
   data: [ 1.1673131409964940e+03, 0., -8.5310704803466797e+02, 0., 0.,
       1.1673131409964940e+03, -4.4366590881347656e+02, 0., 0., 0., 1.,
       0. ]
P2: !!opencv-matrix
   rows: 3
   cols: 4
   dt: d
   data: [ 1.1673131409964940e+03, 0., -8.5310704803466797e+02, 0., 0.,
       1.1673131409964940e+03, -4.4366590881347656e+02,
       2.7751384201638507e+02, 0., 0., 1., 0. ]
Q: !!opencv-matrix
   rows: 4
   cols: 4
   dt: d
   data: [ 1., 0., 0., 8.5310704803466797e+02, 0., 1., 0.,
       4.4366590881347656e+02, 0., 0., 0., 1.1673131409964940e+03, 0.,
       0., -4.2063240251906899e+00, 0. ]
